trial type mov.direction cursor.rotation selector_angle selector_prop max_vel vmax_x vmax_y final_x final_y movement_overshoot overshoot_answer timestamp
1 active 0 0.0 nan nan 0.2581413960049443 -0.021351088141666114 -0.0041735685148184265 -0.02128588873695208 0.0876626911064402 nan nan 1626982087.4735398
2 active 0 -0.4 nan nan 0.34873121768001886 -0.02250337891531448 0.015697294255693106 -0.023506060743035673 0.08711415251329668 nan nan 1626982093.780162
3 active 0 -0.8 nan nan 0.35289151227801696 -0.01983255210806854 0.024054649651549798 -0.014422142761247501 0.09959867776220965 nan nan 1626982100.1773562
4 active 0 -1.2 nan nan 0.34745581309582513 -0.02406862912233966 0.002081292716722527 -0.01655661649298159 0.10049743483252427 nan nan 1626982106.4111085
5 active 0 -1.6 nan nan 0.3243096966773635 -0.020384067163668067 0.025258889143550123 -0.02199436962965062 0.08733395704339642 nan nan 1626982112.4791465
6 active 0 -2.0 nan nan 0.3024475920681891 -0.02684747884838101 0.004382258507169556 -0.024008455465615117 0.09476225450775289 nan nan 1626982118.7281592
7 active 0 -2.4 nan nan 0.33256893706131196 -0.026009424452952536 -0.0022514687610508677 -0.02547443052532229 0.08473596643422754 nan nan 1626982125.047625
8 active 0 nan nan nan 0.3783573020395102 -0.02857422489332743 0.02608252269606348 -0.026533172310466976 0.10633934865279299 nan nan 1626982131.4169765
9 active 0 -3.2 nan nan 0.3249184076859823 -0.02365954086790849 0.009793179468100766 -0.0317336392283883 0.09605534449636077 nan nan 1626982137.478066
10 active 0 -3.6 nan nan 0.32504033976837887 -0.021099243936126156 0.00962949003915825 -0.026041174889477593 0.08913894732824479 nan nan 1626982143.80813
11 active 0 -4.0 nan nan 0.3285861353543056 -0.021961173366486383 0.00806354915352081 -0.02874308041307983 0.0902902829334381 nan nan 1626982149.8797169
12 active 0 -4.4 nan nan 0.3642657514899982 -0.027731677316787943 0.008073010175827955 -0.026448096140961632 0.09182080233380085 nan nan 1626982156.0974944
13 active 0 -4.8 nan nan 0.32101298653482047 -0.03357978777931464 0.03892145611605358 -0.02803701736772127 0.09536681172003869 nan nan 1626982162.0868495
14 active 0 -5.2 nan nan 0.36595183693820016 -0.028923365532011674 0.016886179749042607 -0.02588168612673071 0.09868469106730793 nan nan 1626982168.5575106
15 active 0 nan nan nan 0.2922592911237948 -0.03171666661063057 -0.0026350207896563838 -0.04257977516464521 0.10153178545633629 nan nan 1626982174.976715
16 active 0 -6.0 nan nan 0.3322826200421706 -0.026444767776384884 0.003768447236735417 -0.031611623556152074 0.09038820436703698 nan nan 1626982181.1772192
17 active 0 -6.4 nan nan 0.3699378718338871 -0.026657783909921146 0.0123568453639884 -0.03326199900929222 0.09507034620597732 nan nan 1626982187.2680323
18 active 0 -6.8 nan nan 0.3405672052990447 -0.027049229337314507 0.006148137024409639 -0.032945045070051505 0.09104838930154602 nan nan 1626982193.3298821
19 active 0 -7.2 nan nan 0.3659988758367407 -0.028028846455661317 0.016842497940968593 -0.03997536941445383 0.10640742985167567 nan nan 1626982199.7838168
20 active 0 -7.6 nan nan 0.3231644007611728 -0.035766774771945814 0.014313468129308116 -0.04152343455827062 0.10275035689241935 nan nan 1626982206.0191689
21 active 0 -8.0 nan nan 0.36497293336594455 -0.030054292315328485 0.002484418879297401 -0.03358897175135889 0.09440616891513987 nan nan 1626982212.2632418
22 active 0 -8.4 nan nan 0.3372218852900447 -0.030840122605360454 0.007561833849939248 -0.04446074090810344 0.09481233234336917 nan nan 1626982218.2834826
23 active 0 nan nan nan 0.2977175528973953 -0.03555099057098475 0.03167910121602069 -0.03864634749102268 0.0923503260746632 nan nan 1626982224.457922
24 active 0 -9.2 nan nan 0.3129490510193288 -0.0318046562174193 0.0047257649987684225 -0.042541454763489764 0.09003175463328328 nan nan 1626982230.883493
25 active 0 -9.6 nan nan 0.35217056934738905 -0.028932882365701264 0.012431047850474553 -0.0339105747717533 0.08902580217768208 nan nan 1626982237.0845838
26 active 0 -10.0 nan nan 0.337277283936149 -0.030242886924854655 0.012129453000671808 -0.042674154495516786 0.1019393668483129 nan nan 1626982243.173468
27 active 0 -10.4 nan nan 0.3377221629772766 -0.032859848617014596 0.0006184685744999863 -0.04650725109029542 0.09622622235786527 nan nan 1626982249.3646395
28 active 0 -10.8 nan nan 0.3692777518556884 -0.0338176967183996 0.018831001938585668 -0.04812518230400482 0.09431686407991446 nan nan 1626982255.46675
29 active 0 -11.2 nan nan 0.3666097997314133 -0.032871451736081386 0.003459427125013126 -0.04800090342004865 0.08788948827024679 nan nan 1626982261.9352129
30 active 0 -11.6 nan nan 0.3257770630382862 -0.03427171973195877 0.009580952515565788 -0.0536587040501661 0.08935143861812034 nan nan 1626982268.1601956
31 active 0 nan nan nan 0.33902769103070024 -0.03714610231745193 0.017083362918022926 -0.05074657908578696 0.08890985236807336 nan nan 1626982274.659564
32 active 0 -12.4 nan nan 0.30432202154872645 -0.03515965931124831 0.01093358662353805 -0.057702133175331134 0.08608525336972994 nan nan 1626982280.98854
33 active 0 -12.8 nan nan 0.3308576403113273 -0.026175276028330245 0.004418562564281303 -0.05306217188129804 0.09303994828926576 nan nan 1626982287.4153025
34 active 0 -13.2 nan nan 0.36701308117497616 -0.0376594187894037 0.018898941078945408 -0.056774009494789356 0.09423772031152688 nan nan 1626982293.7265048
35 active 0 -13.6 nan nan 0.3541736116170042 -0.04480395376701675 0.034762128408733384 -0.05177842730755481 0.10425969402894603 nan nan 1626982299.9184413
36 active 0 -14.0 nan nan 0.3361985290408394 -0.035666919870355446 0.0027931673234574683 -0.05623024107963888 0.08847560362502893 nan nan 1626982306.253811
37 active 0 -14.4 nan nan 0.3168973796210129 -0.03832575804372303 0.019717244262783873 -0.05572285858394918 0.08780826857281498 nan nan 1626982312.479608
38 active 0 -14.8 nan nan 0.3415430634626384 -0.03441277082630553 0.02088786599424708 -0.057128589115336435 0.08699178163504051 nan nan 1626982318.7071836
39 active 0 -15.2 nan nan 0.33085426140109336 -0.04324919860880644 0.01858099545280567 -0.05859767537815429 0.08780521523603557 nan nan 1626982325.2530494
40 active 0 -15.6 nan nan 0.3328990680437973 -0.03757787637674355 0.01576796487035148 -0.06305449191861719 0.08549168755201197 nan nan 1626982331.4810867
41 active 0 nan nan nan 0.31368781307249044 -0.03826697893117514 -0.0017943275439370465 -0.06244321255610329 0.08527338739792845 nan nan 1626982337.739541
42 active 0 -16.4 nan nan 0.3449353645508896 -0.03780957265867246 0.010597207494366101 -0.06306153398361451 0.08923672455318421 nan nan 1626982344.0640924
43 active 0 -16.8 nan nan 0.30094268568931576 -0.0401207135258684 0.003671384352337048 -0.06188697610620425 0.08765204949446803 nan nan 1626982350.236272
44 active 0 -17.2 nan nan 0.35098216570068846 -0.044118322262383394 0.01481624851351293 -0.0671006736592092 0.08917428969791985 nan nan 1626982356.4319296
45 active 0 -17.6 nan nan 0.32589189601715673 -0.039063238211078675 -0.00197333278136691 -0.06375121055317236 0.08148602772136937 nan nan 1626982362.609265
46 active 0 -18.0 nan nan 0.3515364231553821 -0.037589218387566924 0.0026135409360658057 -0.06954561678827792 0.08722927424168381 nan nan 1626982368.9941819
47 active 0 -18.4 nan nan 0.32397583877552405 -0.038970146949863234 0.00794124509732197 -0.07002957164567111 0.08495507618204012 nan nan 1626982375.096836
48 active 0 -18.8 nan nan 0.3262220137565393 -0.038720805187700574 0.001628622264438384 -0.06343876387985017 0.0878778948621175 nan nan 1626982381.2363904
49 active 0 -19.2 nan nan 0.34676499739910965 -0.04093264115657529 0.012208547933772018 -0.07148393253269524 0.0878925148815265 nan nan 1626982387.382359
50 active 0 -19.6 nan nan 0.2816826724000375 -0.05448894414887781 0.023751055664147924 -0.06946756410601192 0.08840830103084285 nan nan 1626982393.6416996
51 active 0 -20.0 nan nan 0.3426205956294109 -0.04834735153330055 0.006238915161499992 -0.06594417884708083 0.08297981856734149 nan nan 1626982400.1295755
52 active 0 -20.4 nan nan 0.38151341947650147 -0.04852373685024017 0.015534149339584635 -0.0684540744480457 0.08920954552856764 nan nan 1626982406.3880043
53 active 0 nan nan nan 0.3831854633971835 -0.04950833373625623 0.000476111014524494 -0.07620982778707956 0.09534605138890417 nan nan 1626982412.6184223
54 active 0 -21.2 nan nan 0.3847845213521183 -0.05648555227864011 0.02533368299177441 -0.06914392235038094 0.08771549239459298 nan nan 1626982418.6210744
55 active 0 -21.6 nan nan 0.31060092549175244 -0.044897127167393774 -0.0022240682145251434 -0.07066607873154797 0.08331662950329599 nan nan 1626982424.8856056
56 active 0 -22.0 nan nan 0.34402270213000163 -0.05129759206090098 0.017047759972158905 -0.07338896550326945 0.0727844182363151 nan nan 1626982430.9687665
57 active 0 -22.4 nan nan 0.4290315231803471 -0.04594140702118148 0.005085757152576198 -0.07864926195810941 0.08317616402449557 nan nan 1626982437.5038853
58 active 0 -22.8 nan nan 0.319670734017907 -0.04925638754049181 0.01899169232034481 -0.07275542600439418 0.09425618997440055 nan nan 1626982443.5078537
59 active 0 -23.2 nan nan 0.34596273121677296 -0.050332430892253 0.01955576650276658 -0.07981447036014608 0.07987075507311625 nan nan 1626982450.0755823
60 active 0 -23.6 nan nan 0.3348621800526304 -0.05140437000237158 0.012462816289504186 -0.07431415837507736 0.07873421933571412 nan nan 1626982456.3216772
61 active 0 nan nan nan 0.39781735919610184 -0.055032758367979384 0.008551394951329394 -0.07596820526242914 0.09168400169405311 nan nan 1626982462.8121345
62 active 0 -24.4 nan nan 0.34005289686878043 -0.050887189884419204 0.015802326889202356 -0.07777291862712273 0.08819581723729208 nan nan 1626982468.788098
63 active 0 -24.8 nan nan 0.35752302757622795 -0.056749680060331494 0.005089908875753113 -0.09269690420918743 0.07855965201451709 nan nan 1626982474.9990861
64 active 0 -25.2 nan nan 0.3554094299587679 -0.042821838691050475 -0.005786068632900876 -0.08616932941307502 0.07200919971185094 nan nan 1626982481.1589558
65 active 0 -25.6 nan nan 0.3532959564878327 -0.05370438127085688 0.015047488657287889 -0.08392482783990698 0.07339481670393555 nan nan 1626982487.211904
66 active 0 -26.0 nan nan 0.33321949590101146 -0.058672011796479545 0.01636469523783335 -0.09065278349878206 0.08305423782651022 nan nan 1626982493.5717056
67 active 0 -26.4 nan nan 0.3231027683302502 -0.05205673890081502 0.006619075670031838 -0.09214594996839823 0.08241741383109691 nan nan 1626982499.7594256
68 active 0 -26.8 nan nan 0.3354612323420947 -0.05047397396822995 0.006548789465882443 -0.08659607762062994 0.07987908595337645 nan nan 1626982506.0456557
69 active 0 -27.2 nan nan 0.29541402510396725 -0.051496338362563475 -0.001004472448144611 -0.08313681323456813 0.0820799851959827 nan nan 1626982512.2141707
70 active 0 -27.6 nan nan 0.3385603490194959 -0.059129059060690194 0.01647804898598193 -0.09240770368254714 0.072636655992657 nan nan 1626982518.4241934
71 active 0 nan nan nan 0.31938826342989185 -0.05787786905630002 0.00030193545710965886 -0.09422292001663723 0.08095455890718972 nan nan 1626982524.8800151
72 active 0 -28.4 nan nan 0.32249664208226914 -0.05272926825020229 -0.0018850143450273027 -0.0911746885385356 0.08026665100836505 nan nan 1626982530.9922743
73 active 0 -28.8 nan nan 0.30364649253129683 -0.05605900861311964 0.008880996070466551 -0.09550196216078398 0.0802526369372949 nan nan 1626982537.083287
74 active 0 -29.2 nan nan 0.3459340702604211 -0.05795040212358108 0.01119921642380206 -0.09157312242838865 0.08066031202153034 nan nan 1626982543.3979697
75 active 0 -29.6 nan nan 0.29811320687413717 -0.054762796017025384 0.008426429068773333 -0.0912771256577937 0.06894742037914414 nan nan 1626982550.0374823
76 active 0 -30.0 nan nan 0.30090740780179304 -0.05162839218833473 0.002107970363465772 -0.0914021896382917 0.0787259611445682 nan nan 1626982556.5456636
77 active 0 nan nan nan 0.3947538395847448 -0.052595400371422886 0.010763507895705349 -0.092562642161562 0.0810876069715809 nan nan 1626982562.7819445
78 active 0 -30.0 nan nan 0.2928431248192338 -0.05370149401112661 0.005404093851107183 -0.08898478316348064 0.07809265886681493 nan nan 1626982569.1339326
79 active 0 -30.0 nan nan 0.3532734091285095 -0.050866809383451284 0.002307119710344363 -0.10190296616924423 0.0749263925704925 nan nan 1626982575.5422928
80 active 0 -30.0 nan nan 0.3237045374373866 -0.056609682609755164 0.003518788877132306 -0.10502087104580221 0.07600773378251036 nan nan 1626982581.6959946
81 active 0 nan nan nan 0.3551787776738269 -0.05196167332485344 -0.0016885894634469656 -0.09087690407528354 0.0935911257142984 nan nan 1626982587.8207335
82 active 0 -30.0 nan nan 0.3473585123034749 -0.048832908541438735 -0.0038559207744864876 -0.09650290926837772 0.07415759272444788 nan nan 1626982594.1561716
83 active 0 -30.0 nan nan 0.30675675751326614 -0.05861394076517818 0.011766288957745119 -0.09291869447618487 0.07144153052253588 nan nan 1626982600.2377584
84 active 0 -30.0 nan nan 0.3192039290216998 -0.05992013639511873 0.004007920878353555 -0.09834926079202784 0.07500119205647726 nan nan 1626982606.4679716
85 active 0 -30.0 nan nan 0.3398646142238002 -0.04917991001130047 -0.0005398313080181572 -0.10009639055114507 0.07676625576222385 nan nan 1626982612.6978903
86 active 0 -30.0 nan nan 0.34696233868923415 -0.05047199384658423 0.0052539343025963525 -0.09765960605756967 0.07201112662117393 nan nan 1626982618.8037255
87 active 0 nan nan nan 0.35870605948769585 -0.0619586900690945 0.01536030588239945 -0.09056833162763664 0.08195903147753225 nan nan 1626982624.9675024
88 active 0 -30.0 nan nan 0.3343946126368714 -0.058992392206885125 0.0054408735818032294 -0.09565171528441299 0.07518322023482138 nan nan 1626982631.0465267
89 active 0 -30.0 nan nan 0.2842563320916543 -0.05433445533706189 0.00722225982001834 -0.09605559706071519 0.07343189654285776 nan nan 1626982637.4199355
90 active 0 -30.0 nan nan 0.3122106087062817 -0.056025813655628365 0.008844529153181568 -0.09249426700293219 0.06471817221879583 nan nan 1626982643.660864
91 active 0 nan nan nan 0.39272884320341106 -0.06317304629821865 0.014718137782460894 -0.10363131312181863 0.082173185172279 nan nan 1626982650.070154
92 active 0 -30.0 nan nan 0.3644491507332781 -0.054951902800975484 0.016775556291972582 -0.10489014265886727 0.08575404118436691 nan nan 1626982656.2708287
93 active 0 -30.0 nan nan 0.34305737498169286 -0.06309102617482205 0.01029098896197611 -0.09727491359110764 0.07033416024738293 nan nan 1626982662.6250067
94 active 0 -30.0 nan nan 0.3275795602223329 -0.05247397605047495 0.003405527499112937 -0.09820364369927671 0.07780745963331215 nan nan 1626982668.875965
95 active 0 nan nan nan 0.3440502402749587 -0.06120280279961512 0.016927327654895574 -0.10258758923768507 0.08557929864381142 nan nan 1626982675.0891304
96 active 0 -30.0 nan nan 0.31832274959171974 -0.05814880033448681 0.011820430513760583 -0.09772931216378344 0.07696467636153881 nan nan 1626982681.4442682
97 active 0 -30.0 nan nan 0.3402519087256024 -0.05891582835574673 0.005698861431704394 -0.10422456548285332 0.08128183859596405 nan nan 1626982687.8539433
98 active 0 -30.0 nan nan 0.2971639895172793 -0.047733994671348506 -0.008099819011689324 -0.09672289901778645 0.08123451879091492 nan nan 1626982694.0606213
99 active 0 nan nan nan 0.37778348961637787 -0.055760767553371275 0.01722225122558463 -0.10104389310185183 0.09147686584921788 nan nan 1626982700.453423
100 active 0 -30.0 nan nan 0.38677185063210245 -0.04560039790567968 0.01933331723269993 -0.09337615332521339 0.07703022903767476 nan nan 1626982706.6762912
101 active 0 -30.0 nan nan 0.35540956259872375 -0.058983403618840746 0.01821292559486898 -0.09844241977073176 0.08675946958304792 nan nan 1626982713.055715
102 active 0 -30.0 nan nan 0.2949988887643651 -0.0641955842258931 0.0138566184710468 -0.09629581977312295 0.07626856584242503 nan nan 1626982719.1764953
103 active 0 -30.0 nan nan 0.36669562223460717 -0.06297546557185325 0.014898200693316266 -0.10605356505270264 0.08143613713808528 nan nan 1626982725.5444548
104 active 0 nan nan nan 0.3679072486786967 -0.06348864585374352 0.013746103509572283 -0.10290289597498833 0.09152223112132696 nan nan 1626982731.7194858
105 active 0 -30.0 nan nan 0.3732702504127438 -0.06201767330736973 0.023021413797450596 -0.09965755640018782 0.06867359283216057 nan nan 1626982738.190356
106 active 0 -30.0 nan nan 0.3099284333145321 -0.05464453509216477 0.0004934128109626013 -0.09585752947120713 0.0679393207690322 nan nan 1626982744.6641943
107 active 0 -30.0 nan nan 0.31874806405887596 -0.05850164667676855 0.0065548258962876416 -0.09596265755975554 0.07721158250961246 nan nan 1626982750.8664908
108 active 0 nan nan nan 0.3381054790113767 -0.05509685486098552 0.01396973644057331 -0.0977654426311352 0.08024167990678888 nan nan 1626982757.01663
109 active 0 -30.0 nan nan 0.35252281094408344 -0.060177589112866706 0.007321039653473194 -0.09278399340389286 0.07131086510288787 nan nan 1626982763.3113005
110 active 0 -30.0 nan nan 0.3128914972698073 -0.06007045373945141 0.0016073478652207651 -0.09523530548290046 0.0676853440742945 nan nan 1626982769.3307397
111 active 0 -30.0 nan nan 0.30872898756008393 -0.050450517078972086 -0.00523125343954256 -0.09857763079216995 0.07586832740101912 nan nan 1626982775.6129775
112 active 0 -30.0 nan nan 0.31320000542945303 -0.06298515512399679 0.0075795437720280745 -0.09483690934118302 0.0763249637052752 nan nan 1626982781.7201295
113 active 0 -30.0 nan nan 0.3396053251281421 -0.05807648634251812 0.004322511739968227 -0.09899644785593421 0.08144733053560071 nan nan 1626982787.912924
114 active 0 nan nan nan 0.3081282580477997 -0.06356230654623334 0.017482728244187395 -0.09604325074282387 0.09272541665906153 nan nan 1626982794.1271858
115 active 0 -30.0 nan nan 0.3313183188186439 -0.05645194810810908 0.007719603620160109 -0.09448176437242219 0.07196855387710088 nan nan 1626982800.356689
116 active 0 -30.0 nan nan 0.3325307819211216 -0.0619903713257315 0.008306949173304323 -0.08946339965001697 0.06700442693140929 nan nan 1626982806.7376041
117 active 0 -30.0 nan nan 0.32988086566440744 -0.055397858650006314 0.0011897161316212213 -0.1032646434983722 0.07154075606895793 nan nan 1626982813.0481825
118 active 0 -30.0 nan nan 0.28737111598577075 -0.05369724274012933 0.0015631841472227848 -0.09969741815617235 0.0775517251720872 nan nan 1626982819.2113276
119 active 0 nan nan nan 0.31857871207248384 -0.05730309066824141 0.007402063331505726 -0.09669086428156887 0.08112050897550893 nan nan 1626982825.4413295
120 active 0 -30.0 nan nan 0.3314248606206596 -0.05583210205502857 0.010794193828186693 -0.1003103737873055 0.0875198756664739 nan nan 1626982831.7587266
121 active 0 -30.0 nan nan 0.30006059969272597 -0.06276348210496048 0.0031410233599996618 -0.09477511590073921 0.07792786291047382 nan nan 1626982838.0616686
122 active 0 -30.0 nan nan 0.32537890967113126 -0.049784788845792134 -0.00842496191471287 -0.10059713702006592 0.07600105861128603 nan nan 1626982844.491047
123 active 0 nan nan nan 0.32853211145748884 -0.0626832855411368 0.016243903068685284 -0.09424305752804008 0.07844182171614156 nan nan 1626982850.8358788
124 active 0 -30.0 nan nan 0.34466005398907734 -0.06517293777426693 0.017593387239949743 -0.10049136510407322 0.08559980324046068 nan nan 1626982857.2847624
125 active 0 -30.0 nan nan 0.2840205857759146 -0.05831893710703213 0.0020289455370638976 -0.09735065939964557 0.06842405680335273 nan nan 1626982863.494205
126 active 0 -30.0 nan nan 0.3706180195187624 -0.06129083539813275 0.009133781120949425 -0.1014888887434874 0.08293982632634533 nan nan 1626982869.8753564
127 active 0 nan nan nan 0.38170002312762324 -0.058450086813726335 0.005984939435995429 -0.10149107419331899 0.08909475802118738 nan nan 1626982876.0068235
128 active 0 -30.0 nan nan 0.32308145203338823 -0.05882308898776836 0.00280598451970826 -0.09939246718339591 0.07986635310764767 nan nan 1626982882.183786
129 active 0 -30.0 nan nan 0.30141714958624 -0.060053721593489214 0.006211366919160022 -0.09980143808627431 0.08134934832380292 nan nan 1626982888.4526582
130 active 0 -30.0 nan nan 0.320864087820966 -0.0635275028296025 0.014890750481698523 -0.10090719663902425 0.08091454544990107 nan nan 1626982894.7517369
131 active 0 nan nan nan 0.3421386822108977 -0.061533084670172065 0.010727407267568045 -0.09913190839948074 0.07801881030167446 nan nan 1626982900.9248018
132 active 0 -30.0 nan nan 0.3102420687777284 -0.05957336559412905 0.008425037402007618 -0.09483913153180651 0.06169349361843668 nan nan 1626982907.321182
133 active 0 -30.0 nan nan 0.37194982756941136 -0.06384206140760468 0.011775425386318927 -0.09908344685341317 0.07682467673193005 nan nan 1626982913.6975312
134 active 0 nan nan nan 0.3530908860797623 -0.06597480598148822 0.018930507190098367 -0.0933035002501313 0.08421151740307264 nan nan 1626982919.7903621
135 active 0 -30.0 nan nan 0.31310185489619013 -0.05193281435864246 0.004119832297887482 -0.0940602402080073 0.07271455220682876 nan nan 1626982926.1588929
136 active 0 -30.0 nan nan 0.3216468934623491 -0.05368288212501619 0.006797217470766337 -0.09707459501263746 0.07756049498822681 nan nan 1626982932.3650873
137 active 0 -30.0 nan nan 0.3225444644698392 -0.06317191076761769 0.013443782268202087 -0.10306922087723543 0.08130344392201572 nan nan 1626982938.4299624
138 active 0 -30.0 nan nan 0.3717654042336523 -0.06141616112457762 0.019948450504524762 -0.09928090766338694 0.08168193909861388 nan nan 1626982944.6443794
139 active 0 nan nan nan 0.30476858672692314 -0.0599291906471288 0.006531087495957433 -0.09698866293381314 0.07775993860669994 nan nan 1626982950.9148617
140 active 0 -30.0 nan nan 0.3037846421294828 -0.06540101927838472 0.007641616459293732 -0.09866618099996083 0.0828627311001956 nan nan 1626982957.1669698
141 active 0 -30.0 nan nan 0.33310685721829564 -0.06293167037005455 0.015195604796914286 -0.10230320474429858 0.0807913590071242 nan nan 1626982963.3372428
142 active 0 -30.0 nan nan 0.32458798243378434 -0.05103463931196797 0.007095256960728102 -0.09861688032284376 0.08682916981535771 nan nan 1626982969.708094
143 active 0 nan nan nan 0.3390354768392197 -0.0578050270657029 0.004594475720123614 -0.09176996152887704 0.07771401108059706 nan nan 1626982976.2271788
144 active 0 -30.0 nan nan 0.3005033359003472 -0.05985019188969983 0.0016513664808789352 -0.09689134975325801 0.07551815120426164 nan nan 1626982982.4090016
145 active 0 -30.0 nan nan 0.34414393021351714 -0.06142564228158184 0.011585047852396668 -0.10207762942640122 0.07804750680299588 nan nan 1626982988.884851
146 active 0 nan nan nan 0.34761257902104264 -0.049749661191709794 -0.0032886870752208974 -0.09023605808913836 0.06880509992794959 nan nan 1626982994.9660594
147 active 0 -30.0 nan nan 0.33464020403855593 -0.06136443407299816 0.012783096419797135 -0.10018104174512232 0.0773569073651692 nan nan 1626983001.2929616
148 active 0 -30.0 nan nan 0.3314517720467527 -0.05874396860193199 0.003857711594601798 -0.0973470691817595 0.07220345140444417 nan nan 1626983007.7035916
149 active 0 -30.0 nan nan 0.3151975646072235 -0.04846621758925812 -0.009118447686823683 -0.09551709789108055 0.07648445351211952 nan nan 1626983013.8829513
150 active 0 -30.0 nan nan 0.3146336321196497 -0.06514519388089329 0.004987702205950573 -0.10349769074189907 0.07775190097756501 nan nan 1626983019.9757516
151 active 0 nan nan nan 0.41621395892673024 -0.05870043273310381 0.01656923323255044 -0.09954962915247904 0.08820519346662714 nan nan 1626983026.325709
152 active 0 nan nan nan 0.3936257135137024 -0.056512721817951715 0.017664803588771427 -0.07999151595945127 0.09038206181454744 nan nan 1626983032.5542169
153 active 0 nan nan nan 0.3679721038480161 -0.052722314010960517 0.005814283426977318 -0.08434609315545455 0.09871890293590402 nan nan 1626983039.1056287
154 active 0 nan nan nan 0.3430642793431177 -0.06353720199122338 0.010505862136567123 -0.10004028673331634 0.09204227440362955 nan nan 1626983045.2119122
155 active 0 nan nan nan 0.39879876456070573 -0.055095768585615185 0.011860860923191052 -0.07823069641306177 0.08289692754618994 nan nan 1626983051.5482614
156 active 0 nan nan nan 0.38519721857392614 -0.051830637741751624 0.019114575498836217 -0.07763978566451239 0.09208152177112716 nan nan 1626983057.4929678
157 active 0 nan nan nan 0.35216948446131835 -0.05101719917553467 0.004769822873308516 -0.07926387694467783 0.08273069639633968 nan nan 1626983063.6502388
158 active 0 nan nan nan 0.3187699400662227 -0.048422373933497825 -0.006836652650726416 -0.0835953065039335 0.08147079246139755 nan nan 1626983069.722363
159 active 0 nan nan nan 0.3313808914342437 -0.05227174878120795 0.02748197947550368 -0.07008706268451939 0.08399220291115861 nan nan 1626983076.126656
160 active 0 nan nan nan 0.3444310535132217 -0.05605805554061098 0.010815648497462638 -0.09751239175589398 0.09202356482216256 nan nan 1626983082.657572
161 active 0 nan nan nan 0.3050836415822897 -0.05321685873126427 -0.004732068354759811 -0.09083042900307833 0.07898500381841689 nan nan 1626983088.9344964
162 active 0 nan nan nan 0.3042530302941063 -0.05674107340459953 0.018495090587634322 -0.08977649873781408 0.08991070289544756 nan nan 1626983095.2773485
163 active 0 nan nan nan 0.3045549546215901 -0.06052351044330612 0.015982428433767293 -0.09243142900616354 0.09158274957494428 nan nan 1626983101.6937358
164 active 0 nan nan nan 0.32017634875700196 -0.04785640517918814 0.02299318428392849 -0.07714936369310628 0.09545250698248109 nan nan 1626983108.022197
165 active 0 nan nan nan 0.30157099117547476 -0.05754717988692714 0.01992290133860175 -0.0735652126561142 0.0861684047048934 nan nan 1626983114.4833515
166 active 0 nan nan nan 0.4136450847861527 -0.04746849832513725 0.00636725017467854 -0.06936829771163738 0.11257455298219482 nan nan 1626983121.00238
167 active 0 nan nan nan 0.3367926189174585 -0.05683274347787547 0.015846796345410308 -0.08013368622217495 0.09602694512231713 nan nan 1626983126.95667
168 active 0 nan nan nan 0.34573723807091583 -0.05262576460114899 0.025136960425105714 -0.07711079627013302 0.10943545391606613 nan nan 1626983133.4195673
169 active 0 nan nan nan 0.2893639711678585 -0.05924648103115289 0.017128877366259565 -0.08139678519613382 0.10553944600210963 nan nan 1626983139.777202
170 active 0 nan nan nan 0.2513664482934167 -0.05166394359937859 0.02001001607752806 -0.06437483362917122 0.09120534688684812 nan nan 1626983146.208117
171 active 0 nan nan nan 0.3008855912598387 -0.055493373261417435 0.004573473153578145 -0.08196715941424569 0.08160610250238576 nan nan 1626983152.8163736
172 active 0 nan nan nan 0.30359868859080513 -0.05901725180972434 0.020441930706663114 -0.07294920498785401 0.08629670291645253 nan nan 1626983159.2102501
173 active 0 nan nan nan 0.2664967149257488 -0.04911501808987498 -0.004062705503059427 -0.08830738215030724 0.08546012872418995 nan nan 1626983165.4768996
174 active 0 nan nan nan 0.28961033948853654 -0.05881960841011576 0.023160568744262866 -0.08046713240971641 0.09107239656022004 nan nan 1626983172.3528786
175 active 0 nan nan nan 0.2970921804687288 -0.05603863670371244 0.011649061379286896 -0.09404865831853992 0.10231608550390014 nan nan 1626983178.6915097
176 active 0 nan nan nan 0.24098887847994738 -0.06273996261739959 0.013531455098160783 -0.0977498245035208 0.08463814337989284 nan nan 1626983185.1853426
177 active 0 nan nan nan 0.2649486404710217 -0.06431849545521733 0.01266395291303557 -0.0951957844116959 0.08188838246385921 nan nan 1626983192.0638463
178 active 0 nan nan nan 0.24894392117343953 -0.059117812627762514 0.004723388896246128 -0.09219758780053963 0.08509537157312574 nan nan 1626983198.64411
179 active 0 nan nan nan 0.2634610006046565 -0.06353558351222405 0.017277866440224665 -0.0883470916614534 0.09605351798110828 nan nan 1626983205.3736763
180 active 0 nan nan nan 0.261717980822258 -0.06357179047887133 0.004784366371769377 -0.0935825702735917 0.08058688694987093 nan nan 1626983211.8126078
181 active 0 nan nan nan 0.27254387667468866 -0.05635661641305996 0.01926645610380784 -0.08368628636411111 0.08382378918710576 nan nan 1626983218.3310912
182 active 0 nan nan nan 0.3286416083554386 -0.053405762068910574 0.010402429499114296 -0.0839071945638458 0.0919182899388199 nan nan 1626983224.7294736
183 active 0 nan nan nan 0.23657763406518165 -0.058065711371509385 0.005847616424105251 -0.08676425707946285 0.08935350149689392 nan nan 1626983231.0398946
184 active 0 nan nan nan 0.24719564438060868 -0.05785366274705147 0.009320626325867387 -0.10213170486228687 0.07812998596550269 nan nan 1626983237.568788
185 active 0 nan nan nan 0.2652755019377491 -0.06311871991298926 0.015988332059729604 -0.08752052758970932 0.07917219839136558 nan nan 1626983244.1699224
186 active 0 nan nan nan 0.29063305365715836 -0.057515866534200655 0.007123326044534806 -0.09062009454588951 0.07945110106527264 nan nan 1626983251.2151535
187 active 0 nan nan nan 0.28283078003769596 -0.061772723253102825 0.023842091974991986 -0.08245423151151579 0.09461981284576126 nan nan 1626983257.8428082
188 active 0 nan nan nan 0.272564164714888 -0.060154711198230765 0.016313965806133646 -0.09843243000393045 0.08462353062443473 nan nan 1626983264.2922451
189 active 0 nan nan nan 0.2853137476031871 -0.05623161483735389 0.016662207723906253 -0.08685523055804595 0.09186961936291149 nan nan 1626983270.735602
190 active 0 nan nan nan 0.24249680703378007 -0.05971654273502562 0.016739609257394705 -0.07672707874734845 0.08789360572429128 nan nan 1626983277.090488
191 active 0 nan nan nan 0.34137096435164105 -0.059012219740823005 0.0019316720814493982 -0.09386226896711104 0.08002593124078927 nan nan 1626983283.4518864
192 active 0 nan nan nan 0.3222894728354186 -0.04049048968179963 -0.017188924141069428 -0.0907499013979033 0.08527139591871025 nan nan 1626983289.625618
193 active 0 nan nan nan 0.279275824485222 -0.060922160454978086 0.01770551888276517 -0.087615068511297 0.08444006040013752 nan nan 1626983295.7823067
194 active 0 nan nan nan 0.34641903239257144 -0.06263293801318141 0.020652618668326905 -0.08475930893006621 0.08767905926247854 nan nan 1626983301.9879167
195 active 0 nan nan nan 0.3335378345691791 -0.06269610466447237 0.011518434178142023 -0.09249069842548306 0.08709955370549483 nan nan 1626983308.29886
196 active 0 nan nan nan 0.3545372236886762 -0.05829359142576388 0.017604761331008967 -0.0880976804618458 0.08020316681455253 nan nan 1626983314.4720676
197 active 0 nan nan nan 0.3745831390469237 -0.054534980146750255 0.013917182333847089 -0.08654337743138758 0.10678138196263542 nan nan 1626983320.861222
198 active 0 nan nan nan 0.42143177576038965 -0.06524542569593021 0.012967143771806855 -0.10163829980512622 0.0939625839453464 nan nan 1626983327.1281438
199 active 0 nan nan nan 0.34952525709204263 -0.05914102884269252 0.010348990153570936 -0.09286921383652721 0.07855440990106721 nan nan 1626983333.4697485
200 active 0 nan nan nan 0.3749704416131393 -0.06157567220248108 -0.0004512465754799022 -0.10103593809908656 0.08144420358532012 nan nan 1626983340.003085
201 active 0 nan nan nan 0.3157225662129525 -0.05780580916170826 -0.005654610118334014 -0.10000629099446395 0.07359516224663709 nan nan 1626983346.0786448
202 active 0 nan nan nan 0.403616462453741 -0.06427935598092009 0.011288035718222011 -0.10541774374469988 0.08051304006841986 nan nan 1626983352.2867393
203 active 0 nan nan nan 0.3531668426675121 -0.06738059001385871 0.0060006337135557475 -0.1017876968057206 0.07641047246294352 nan nan 1626983358.6351519
204 active 0 nan nan nan 0.31560781646349423 -0.05796235874752535 0.009498004593865517 -0.09938727878813138 0.07774404750462438 nan nan 1626983364.6796477
205 active 0 nan nan nan 0.37813204563774844 -0.06315094932354673 0.013073012810109752 -0.10099101614602282 0.08624063323602182 nan nan 1626983371.1994395
206 active 0 nan nan nan 0.3205291838331137 -0.060110795639151365 0.02122995407589645 -0.08781155730622081 0.07703392991133107 nan nan 1626983377.3212965
207 active 0 nan nan nan 0.39107669918345084 -0.06255207165185539 0.018585792932950373 -0.08896102437988472 0.0923792903860674 nan nan 1626983383.7715485
208 active 0 nan nan nan 0.35164974656833803 -0.060345157528986046 0.018318908282680013 -0.09702746489119939 0.08479066711055128 nan nan 1626983389.8736937
209 active 0 nan nan nan 0.3477349987098349 -0.052122614388899396 0.009287147650191563 -0.07904072571992633 0.09146441197179389 nan nan 1626983396.1795719
210 active 0 nan nan nan 0.39206966735086085 -0.052628843533631474 0.01210298296739687 -0.08330040887899326 0.10413430168130694 nan nan 1626983402.2990344
211 active 0 nan nan nan 0.32402540064816476 -0.06029257447722018 0.013877932767340284 -0.09368987387428376 0.08518419661908594 nan nan 1626983408.4242797
212 active 0 nan nan nan 0.33796905545641326 -0.057623407057720545 0.018514483517456992 -0.07932251426164208 0.10008590055716132 nan nan 1626983414.670465
213 active 0 nan nan nan 0.3368339456084486 -0.053704334228126725 0.016356908925240887 -0.08327691942661716 0.09290270042098336 nan nan 1626983420.8814266
214 active 0 nan nan nan 0.3181231607248189 -0.049705626548586894 0.009378774328572703 -0.07444585290661133 0.08802600075064348 nan nan 1626983427.2090163
215 active 0 nan nan nan 0.38906460815043764 -0.0593204533453043 0.01946053168925954 -0.08084010681041867 0.09967241157414819 nan nan 1626983433.4278123
216 active 0 nan nan nan 0.32686233678934357 -0.05280852277124827 0.013491136752935229 -0.0724850207019095 0.08084063122319674 nan nan 1626983439.3549097
217 active 0 nan nan nan 0.34032356867588687 -0.06089819477720922 0.011797712963070417 -0.08573454332901909 0.09167933065647593 nan nan 1626983445.7787833
218 active 0 nan nan nan 0.2889735256030613 -0.06053100472315017 0.01847297723821195 -0.0893522892362401 0.08268381138433256 nan nan 1626983451.9394412
219 active 0 nan nan nan 0.3011460044707831 -0.044777827449206754 -0.00698573761097443 -0.08312835275711103 0.07877574268915588 nan nan 1626983458.303881
220 active 0 nan nan nan 0.3785029258289385 -0.053501161723065835 0.023150616085714226 -0.08424762786866859 0.10557709634275658 nan nan 1626983464.7829854
221 active 0 nan nan nan 0.3325735756549311 -0.056975601583871285 0.01549133048249507 -0.08172059126996586 0.08340097401109214 nan nan 1626983471.177348
222 active 0 nan nan nan 0.328735508212381 -0.05195225583723626 0.016635122318223616 -0.07528169662897069 0.09400936272748928 nan nan 1626983477.3308837
223 active 0 nan nan nan 0.3210744887074492 -0.05730956187638472 0.017069770122803196 -0.07741162246242707 0.09545635409820452 nan nan 1626983483.7242649
224 active 0 nan nan nan 0.37160590931258514 -0.05085239221162481 0.01990457103241905 -0.07907235561532037 0.09226633112134452 nan nan 1626983490.1517136
225 active 0 nan nan nan 0.31703154977099984 -0.05274400609207389 0.008209729887658446 -0.0808488409435711 0.08878112572866814 nan nan 1626983496.2826633
226 active 0 nan nan nan 0.2853084971946708 -0.06175205029273899 0.021436571348368516 -0.09382581859819462 0.08813853699655505 nan nan 1626983502.7665691
227 active 0 nan nan nan 0.33690951225203003 -0.05159842919911184 0.02409469753684723 -0.0722877229700408 0.10251905375061582 nan nan 1626983509.1941798
228 active 0 nan nan nan 0.32250482976514416 -0.05082127891012556 0.018621167013042617 -0.07206180049350841 0.09339584001077117 nan nan 1626983515.5230963
229 active 0 nan nan nan 0.313421279462396 -0.045976713177131825 0.020813118462162272 -0.06600883192502675 0.1007001988964753 nan nan 1626983521.7783215
230 active 0 nan nan nan 0.3093780554875055 -0.047544804864296755 0.012840225795406668 -0.06883514837057651 0.0879622744281211 nan nan 1626983528.0786517
231 active 0 nan nan nan 0.36355243635226747 -0.04636109693997351 0.006645080275068493 -0.07692266631009849 0.10581207278935195 nan nan 1626983534.4582884
232 active 0 nan nan nan 0.3571901178012892 -0.05432062237611644 0.023159499142822337 -0.0896109550341357 0.10365865277144604 nan nan 1626983540.824254
233 active 0 nan nan nan 0.33814003846826846 -0.056058609950406846 0.01910277838006036 -0.08339293293093596 0.10954450788987613 nan nan 1626983547.3466198
234 active 0 nan nan nan 0.3220155484332295 -0.051985580589484784 0.03024827515466233 -0.0769720903083629 0.1065157651696908 nan nan 1626983553.6233406
235 active 0 nan nan nan 0.32517455507906423 -0.058212001534011806 0.01820258694064747 -0.09052089898067228 0.09924899842549051 nan nan 1626983559.901004
236 active 0 nan nan nan 0.33516159943058993 -0.05518099286828784 0.024765981382337876 -0.08265493432045368 0.10142958470484714 nan nan 1626983566.1485515
237 active 0 nan nan nan 0.30237749447110346 -0.0551292934209563 0.015717150404009006 -0.07673456783799373 0.092596018848496 nan nan 1626983572.3871403
238 active 0 nan nan nan 0.34464518928350035 -0.05690272474011215 0.01982559348901658 -0.08046596327934322 0.11063655978959869 nan nan 1626983578.6127357
239 active 0 nan nan nan 0.2872893917627883 -0.05345075987139832 0.024467027239446826 -0.06382515175152245 0.10001620349327539 nan nan 1626983584.92706
240 active 0 nan nan nan 0.33720557730559153 -0.051759418743801563 0.01517409636540712 -0.0773922470228523 0.09781666481290952 nan nan 1626983591.2969594
241 active 0 nan nan nan 0.30002932579776764 -0.058096142504842234 0.022275031360362352 -0.08516760178276203 0.0980920242701584 nan nan 1626983597.4797997
242 active 0 nan nan nan 0.3092025851472264 -0.05056888618067811 0.027499051174320166 -0.08077673017838954 0.1121969368907541 nan nan 1626983603.803688
243 active 0 nan nan nan 0.35840184771332123 -0.055380864574676184 0.025395836067903743 -0.0806664996747344 0.12130679254276505 nan nan 1626983610.4747436
244 active 0 nan nan nan 0.32851287413571545 -0.05833879824276594 0.028102397135391533 -0.07943300341921222 0.11116667261180746 nan nan 1626983617.0374336
245 active 0 nan nan nan 0.3616421174581659 -0.054526597759886 0.024195087798406623 -0.0850618617827637 0.11647170636268 nan nan 1626983623.4269
246 active 0 nan nan nan 0.3259929354452984 -0.046954713546518645 0.013495561453346738 -0.07865265959579305 0.10187767925896768 nan nan 1626983629.7628303
247 active 0 nan nan nan 0.333593892556817 -0.05044547845445942 0.02616305661409979 -0.0824089398454905 0.11092319941316575 nan nan 1626983636.1246133
248 active 0 nan nan nan 0.3379779207080435 -0.04685129607385563 0.021997781047243814 -0.07650790087241023 0.10853352294677393 nan nan 1626983642.3927681
249 active 0 nan nan nan 0.35774763311720587 -0.060818577781390916 0.026047831510094044 -0.0860568194717677 0.11798042730103775 nan nan 1626983648.7121582
250 active 0 nan nan nan 0.33094371731961747 -0.061122737003974484 0.009750034850407596 -0.08738391366387332 0.09621330263523342 nan nan 1626983655.1295347
251 active 0 nan nan nan 0.2722938095774573 -0.05217074033550878 0.01954951509173186 -0.07833778046397175 0.10248552842544922 nan nan 1626983661.316626
252 active 0 nan nan nan 0.32959969169787734 -0.047155187353412925 0.015623483863481558 -0.0648356731291413 0.1098234562864453 nan nan 1626983667.7687306
253 active 0 nan nan nan 0.3151660995251178 -0.04821677706757685 0.014636656975551388 -0.08857259100427083 0.10504884583296248 nan nan 1626983674.0290458
254 active 0 nan nan nan 0.3078807529576785 -0.05645535325262337 0.018804179502954654 -0.08313442012651352 0.09186377926860789 nan nan 1626983680.453869
255 active 0 nan nan nan 0.3132654721560465 -0.05278609710581124 0.017046154239246936 -0.07843819911472638 0.09714194783275631 nan nan 1626983686.7951422
256 active 0 nan nan nan 0.33298752907925583 -0.05089538256605313 0.023591843692883363 -0.08200176763958114 0.11620198994851194 nan nan 1626983693.0919619
257 active 0 nan nan nan 0.37636606739866246 -0.049533180087730624 0.025879918759039944 -0.08273206605058107 0.11869399688089699 nan nan 1626983699.8669617
258 active 0 nan nan nan 0.33057383887134134 -0.050594852612138426 0.018938253010399086 -0.08266114466810583 0.12212968409215291 nan nan 1626983706.3790226
259 active 0 nan nan nan 0.30030448941699606 -0.05652082548120209 0.018877938246836257 -0.0852606565453672 0.09861831897085926 nan nan 1626983712.7277977
260 active 0 nan nan nan 0.3232007425645526 -0.05348123091909838 0.012414036743590318 -0.0859024591257582 0.10113789214586222 nan nan 1626983719.205818
261 active 0 nan nan nan 0.30869167990632856 -0.06121562767874973 0.02354543415452426 -0.09122428841080879 0.0947086593205182 nan nan 1626983725.4846268
262 active 0 nan nan nan 0.2941010481654448 -0.05033561902485361 0.008932289681201633 -0.0850741145457396 0.10406916818504369 nan nan 1626983731.7744343
263 active 0 nan nan nan 0.33171795216833094 -0.058548460549810534 0.017260182271282565 -0.09050520282825462 0.1070885222778798 nan nan 1626983738.400505
264 active 0 nan nan nan 0.3270722213678345 -0.057098605066396496 0.01849640164960531 -0.08751625101493012 0.10471429092647505 nan nan 1626983744.795794
265 active 0 nan nan nan 0.33436232877225974 -0.050613971568620936 -0.009400158860428776 -0.09371853234677549 0.08764821794018818 nan nan 1626983751.3606377
266 active 0 nan nan nan 0.3727318194996795 -0.0437679222160209 -0.0038833664307518223 -0.08603558100541789 0.09154886158495124 nan nan 1626983757.7130947
267 active 0 nan nan nan 0.27176761492477886 -0.051941962828069455 0.006044350477999005 -0.07253737231766642 0.09017084134436126 nan nan 1626983763.793157
268 active 0 nan nan nan 0.29448414478339424 -0.05498138736308203 0.007814195431677051 -0.08485658532230675 0.08520429175097755 nan nan 1626983770.5570676
269 active 0 nan nan nan 0.2793466056613522 -0.050202412500499595 0.016918810122210748 -0.08770432745986341 0.09255996182496506 nan nan 1626983776.9283402
270 active 0 nan nan nan 0.32779124750129696 -0.052890447879625276 0.016081042088430197 -0.07910660184094101 0.09357699874769898 nan nan 1626983783.366198
271 active 0 nan nan nan 0.3038548051243399 -0.04257577428306124 -0.00691541566731424 -0.07993907657616406 0.09378031633081685 nan nan 1626983789.5925674
272 active 0 nan nan nan 0.27929742302466154 -0.05365034507034105 0.019718126736320674 -0.07035772876419012 0.08755632968580518 nan nan 1626983795.9066005
273 active 0 nan nan nan 0.34602090013208203 -0.05188890757034339 0.011068164303169925 -0.08380941715721175 0.08922195502759134 nan nan 1626983802.2271664
274 active 0 nan nan nan 0.37259222559487803 -0.055763198244048684 0.029923345795958234 -0.08783597357345534 0.11349235394722856 nan nan 1626983808.5643804
275 active 0 nan nan nan 0.3472349910547102 -0.055878159348051265 0.026021119667330894 -0.08409001328686556 0.10353522495340672 nan nan 1626983814.805953
276 active 0 nan nan nan 0.30686956385251685 -0.05972517415362743 0.02240733084249802 -0.08360568009048652 0.10440543832915422 nan nan 1626983821.0595345
277 active 0 nan nan nan 0.38375302536994743 -0.04901619253890722 0.023429002209699124 -0.0856036458349725 0.11479287321608472 nan nan 1626983827.510589
278 active 0 nan nan nan 0.3530526154881098 -0.05863410966451259 0.016092053019573727 -0.09374892192325283 0.10105081149695055 nan nan 1626983833.950057
279 active 0 nan nan nan 0.3235206981123629 -0.05501529525931729 0.01035016341784556 -0.09592966530509364 0.08990664548833838 nan nan 1626983840.1848564
280 active 0 nan nan nan 0.29498567482315274 -0.05160916010842956 0.0123469791744657 -0.0800618362717323 0.09061025981642201 nan nan 1626983846.6980214
281 active 0 nan nan nan 0.3363971686458329 -0.055048691001717755 0.024041429405086245 -0.08385506891939272 0.11315918965916433 nan nan 1626983852.9707828
282 active 0 nan nan nan 0.3010430584171719 -0.05564662571615229 0.009508656612469468 -0.08690723624838051 0.08558259534990209 nan nan 1626983859.3527017
283 active 0 nan nan nan 0.35181457513853337 -0.05861352904666382 0.015149710032131836 -0.08378995190985329 0.100961364403927 nan nan 1626983865.5664306
284 active 0 nan nan nan 0.3222027137104098 -0.04766073644667136 0.0193302866507713 -0.07492242092782261 0.09886132468477948 nan nan 1626983871.8164523
285 active 0 nan nan nan 0.3008071203495491 -0.05663305352707199 0.014250290598356252 -0.07090627094955777 0.08518296658798175 nan nan 1626983878.2783833
286 active 0 nan nan nan 0.2979262360148849 -0.05330899014527619 0.015179080281266466 -0.07627864948570758 0.09212882193812699 nan nan 1626983884.9980643
287 active 0 nan nan nan 0.2912484642709332 -0.05179890698687932 0.004538970946323162 -0.08969839469654241 0.09505414524903832 nan nan 1626983891.474335
288 active 0 nan nan nan 0.3264759089254186 -0.049833602635858204 0.01470502040239352 -0.0806749033448121 0.09942695180568883 nan nan 1626983897.7779303
289 active 0 nan nan nan 0.3348767505888914 -0.052098695839918906 0.02488546905985678 -0.07688893021060621 0.0989042972291615 nan nan 1626983904.1792188
290 active 0 nan nan nan 0.3416927240989638 -0.053078339488027364 0.014185579981678464 -0.08034280265595316 0.10185520598243647 nan nan 1626983910.4319026
291 active 0 nan nan nan 0.29540132317186435 -0.05132491667768262 0.015773471541951523 -0.08446658529865043 0.08272688755869129 nan nan 1626983916.744828
292 active 0 nan nan nan 0.3148190690075902 -0.045511198807523856 0.009540565934514689 -0.07737119202708007 0.09320018681991282 nan nan 1626983922.9111462
293 active 0 nan nan nan 0.33638299915594155 -0.05437866192582731 0.024486153923415466 -0.07965076690765735 0.11806353550916793 nan nan 1626983929.4813528
294 active 0 nan nan nan 0.30723465284881474 -0.05623470107343666 0.02452891150278269 -0.08508359325522256 0.11988258791956208 nan nan 1626983935.775872
295 active 0 nan nan nan 0.3174993076672977 -0.05725827047390897 0.020400524574351042 -0.08828244234746667 0.11073260428226805 nan nan 1626983942.2118945
296 active 0 nan nan nan 0.3017935183007759 -0.051472609448210964 0.02019540825984678 -0.08559025192549084 0.09969622213341711 nan nan 1626983948.4938548
297 active 0 nan nan nan 0.2781669847884093 -0.0457347948681058 0.014705663715465667 -0.07134363989065942 0.09608645904585211 nan nan 1626983954.8914938
298 active 0 nan nan nan 0.32007571589275147 -0.05441864495296755 0.023270301875754518 -0.08285226070194569 0.10307104304339043 nan nan 1626983961.2977834
299 active 0 nan nan nan 0.30261110004223385 -0.048359351677148034 0.011302082573906413 -0.06768196420755185 0.08979233015881272 nan nan 1626983967.929245
300 active 0 nan nan nan 0.29123737477752076 -0.054591169882427806 0.013922413503151043 -0.07877218435101804 0.07878008398624359 nan nan 1626983974.4804332
